12
136
103
56
124
38
111
23
50
116
104
121
127
110
33
15
83
123
34
16
24
16
9
108
77
64
25
130
79
83
7
116
136
85
31
103
134
54
118
28
93
149
94
0
132
9
138
110
119
104
137
94
36
30
146
98
1
83
108
121
56
22
38
83
14
41
39
87
142
108
30
14
74
138
15
113
36
85
1
46
32
110
132
118
117
92
85
81
101
11
75
63
49
5
138
58
14
86
114
115
51
62
124
16
30
132
79
43
69
38
23
56
52
93
126
121
95
127
20
59
64
63
102
79
131
33
115
96
11
21
16
104
141
110
132
129
8
90
23
48
28
56
87
8
135
78
99
34
84
4
27
79
20
66
124
29
66
14
127
49
96
121
45
3
113
56
66
86
7
82
1
130
98
148
57
78
25
114
10
5
85
117
83
56
130
54
67
21
76
83
70
30
139
128
45
59
137
135
35
61
104
80
6
42
69
101
23
106
102
109
99
2
70
45
131
77
55
8
122
67
4
59
65
16
127
88
99
62
129
67
99
22
19
87
88
90
83
89
116
41
18
11
24
60
103
97
21
138
111
72
146
72
4
141
73
87
97
14
56
136
118
99
8
16
68
6
2
9
76
108
77
122
74
14
129
109
51
52
98
77
73
67
15
10
76
142
3
99
103
46
148
61
46
135
32
40
52
137
99
143
4
54
57
53
78
63
61
145
83
30
21
143
99
86
1
144
83
107
5
0
70
42
148
135
65
104
24
104
132
75
3
97
101
138
101
3
47
141
116
134
3
57
26
93
61
80
145
72
106
77
50
32
141
114
58
127
113
63
26
27
101
32
23
136
135
140
124
5
43
141
72
103
124
111
121
140
95
79
112
72
97
27
2
66
2
145
90
59
131
44
6
23
28
109
56
71
45
41
76
140
45
86
17
127
76
57
68
131
2
3
141
80
0
5
21
33
55
93
85
135
15
80
91
124
52
45
27
127
14
108
138
3
15
70
8
40
58
76
9
113
28
108
74
51
80
0
107
82
69
40
14
99
59
124
76
93
60
59
64
55
136
106
63
12
143
106
69
99
18
69
72
35
41
123
76
66
72
1
134
37
128
118
75
139
85
3
33
116
149
81
110
75
115
47
49
55
86
143
75
19
79
13
20
96
82
68
47
20
32
92
65
81
106
35
68
21
108
13
50
44
81
63
29
62
53
83
2
118
40
131
132
9
99
42
133
65
67
69
112
100
15
137
61
134
88
125
15
63
138
45
8
12
120
38
41
120
77
131
37
58
56
126
80
38
16
123
34
8
116
48
106
99
98
97
23
18
75
46
63
51
26
109
145
52
112
58
4
135
149
138
112
10
134
120
95
44
84
68
93
135
30
69
146
123
130
93
75
105
27
59
128
134
88
131
13
38
98
21
69
126
70
82
6
82
63
75
126
24
99
32
28
94
142
96
35
126
136
46
30
58
92
101
21
112
124
100
18
125
69
142
41
27
120
13
82
86
44
127
118
13
6
147
87
100
118
116
63
90
141
116
99
6
128
85
71
115
122
101
142
18
50
101
112
110
76
130
134
59
2
94
118
110
95
50
20
3
42
128
31
91
45
119
133
108
2
104
124
109
98
75
69
86
84
35
140
93
85
143
78
71
135
59
133
76
39
92
40
42
31
29
130
99
126
34
104
5
87
51
88
50
127
81
78
110
94
72
11
86
57
27
74
67
0
97
5
31
68
34
19
133
49
138
45
121
87
105
26
107
145
48
62
66
105
133
41
15
82
39
44
73
6
61
88
53
38
37
93
134
75
